  Loading gcc/8.2.0
Threads 1
Sequential:
2.454s
Parallel:
0.000s
12 21 23 33 36 39 106 121 127 141 143 151 166 169 170 176 185 195 204 221 230 234 241 247 259 263 269 269 272 278 280 291 307 314 320 352 356 360 401 423 424 433 447 448 450 454 455 483 497 504 504 516 520 535 547 579 584 600 605 651 665 668 682 688 696 698 717 725 727 734 735 740 743 758 762 773 809 819 822 843 867 874 881 892 899 900 900 901 908 916 920 921 922 935 940 951 960 969 979 995 
Threads 8
Sequential:
2.456s
Parallel:
0.003s
12 21 23 33 36 39 106 121 127 141 143 151 166 169 170 176 185 195 204 221 230 234 241 247 259 263 269 269 272 278 280 291 307 314 320 352 356 360 401 423 424 433 447 448 450 454 455 483 497 504 504 516 520 535 547 579 584 600 605 651 665 668 682 688 696 698 717 725 727 734 735 740 743 758 762 773 809 819 822 843 867 874 881 892 899 900 900 901 908 916 920 921 922 935 940 951 960 969 979 995 
